5836873
4161875
4307364
5207788
3532083
3759413
65045
1904445
3987889
3540956
3640933
3651308
1794491
2002515
3718763
4644318
3672758
101395
5840243
29053
3590691
2367663
5496216
3744251
5735484
3661555
1797029
3695250
1764200
1913915
4588430
3682809
4595873
3616693
3598394
3573541
1420296
1794452
5830087
4756994
1090588
4161888
4301466
5739614
37407
3611074
1174877
4717436
5985893
3685777
1977297
5980378
5986495
1977696
4917592
3714385
3872586
4359698
3654568
5801240
3733748
5038098
5446277
3738453
59647
3685774
1976842
3698474
5862000
5001793
5884508
5835557
3978457
1224861
4745960
1949842
1524987
5758845
3782125
3622020
4913995
4579488
3580725
5217661
1904193
5852975
1087853
3652643
3698202
3544352
3131514
5762805
3702143
4590915
3672764
5758851
5027814
3590692
64502
3510891
5808926
5827033
5980265
4809147
3483284
5805693
3656395
1936359
30713
4360719
1969447
4569055
1084341
3781573
4312979
5812877
1590049
3781990
4722945
1852321
1175919
5747107
2855831
5809707
3714488
5041384
3269419
4809387
5866486
5813072
1550875
3665020
5976807
2784391
3269572
4173571
1065070
1550594
5745479
5843959
2528216
3653866
4706730
3775760
5986437
4282697
4681154
4768925
1914073
3636841
3669033
5777928
4236282
546184
5707237
5976899
5728271
3702089
5812864
5842245
5838771
1488896
3661377
5814604
1065104
4788673
3474842
3661741
5572237
3606612
1977002
1578590
3580327
2649924
2826100
5976852
3376123
4694692
3258705
59901
1586021
3634264
58836
5644405
4796457
3532036
4173564
5333470
1513247
4713062
4301654
3531529
3647148
5706840
5791397
4882812
3540345
3643086
3751553
5096778
4177075
1550249
3580298
1887535
3046499
1175098
1821028
5435086
3658914
3476989
3700147
4784348
5807505
5132127
3686216
5755650
3558645
3626227
1820788
1865086
4666408
4736250
1403758
3728073
3560577
5721487
5747130
5826979
5762815
1550632
4355142
5604064
1579211
1574360
4748327
57751
1824772
1810369
5545112
3751456
1241419
3658334
5777641
3626633
3606371
3680603
3935224
2836833
1847683
4590707
5057363
3747889
5769198
3646683
1936363
4028193
4752820
5873829
5741924
5891985
5791441
3576014
3656551
4232915
1783850
1074719
4504059
5934946
4752899
3695249
3524789
1500954
3953523
1888710
1863515
60660
1950208
5827507
5840188
4364332
5561674
3488177
3516972
1570354
5006415
5861369
3681386
3772299
4756971
4354432
57749
5862433
3669518
547916
65683
3735277
5986466
1277845
111183
3598549
5752804
1208905
1779263
29018
4689556
2921405
5729494
3575558
5827295
4756949
56204
5983010
539050
3464298
5723032
5066795
4588995
3701833
5805208
1913939
4265717
3563445
5782456
3707772
3621795
3375426
5791588
4588672
3474775
5842470
5383744
5822856
2866241
4390525
4170701
3640960
5873437
88884
1849920
4751201
3932837
4307366
4967511
2836470
5852777
3505775
3525331
5055753
5498709
5883528
4696193
3611743
5866829
3611107
3685779
4331444
4707005
3666914
3714386
4627615
5769202
4861263
3580671
3580751
4407951
5799990
5853038
5834159
3499555
2797956
1240403
4372550
3488187
5805261
4391304
2556743
4005035
4920563
3580299
1766476
5834094
3664372
5557991
3691658
4733222
5302797
1526611
1291385
3881817
4359699
2826289
5771543
111061
3793517
5753932
3599931
102323
5827422
5668343
3612059
3770494
3701780
5569270
3493722
3598524
5438446
5862001
3556314
4393831
3606470
5729492
1971800
5777419
5791430
3659004
4550271
3628587
5725027
5884496
4990415
3544627
5789504
5817800
2855860
4987981
5755346
3713949
4769147
5816600
1131903
4649576
59610
4272222
5989624
4588424
4757000
3738153
5863299
5654748
5722980
1326200
1253473
3483184
5850145
5807510
4710815
3636944
3948438
1584256
5809626
1968186
5791469
5850179
3659156
1913555
1705535
4511433
5866333
5985578
4138365
5827478
5457616
5858078
5856421
3733607
3540908
3714433
3671244
5710015
3681405
3664374
5732507
5781264
1804280
4173586
3544534
3743070
5732440
4315810
1177952
3578670
1079844
5827302
57750
1174954
4525725
3531427
5984011
3590541
5850960
5891027
1513142
1193545
529310
4113172
3636954
5773922
4689586
1891439
5819580
3767897
3724383
3698199
3685778
1626393
3354371
3711370
1190172
3493727
1173136
34114
5986513
1488900
4710520
4720464
3672778
529470
3261693
3478157
4236431
3558647
5244530
4734805
3691625
1134663
59604
5752787
4021157
28991
1553435
3707921
5850768
1847837
4188038
3611645
3770450
4644316
3664327
3714284
4169371
4527103
4710681
5561409
3494172
3616744
1190216
1936284
4753023
5642889
1940326
29012
3580400
4980729
3872578
3558644
4763470
3558408
1863514
1974799
5845829
3562202
4757005
4354617
3713945
4210953
5498708
4166055
1925104
3647147
5440059
5985618
4218764
3511174
5830079
1891438
4233234
3680633
5976950
65676
3672718
4358417
4675066
1578575
5851005
4687062
1550259
1794469
1540413
1915628
3524756
5805426
3525027
4173592
1618389
1913938
5844373
65514
3663731
4364400
4951149
4702321
4727391
2825665
3483098
4601439
3688183
5737953
5827042
3634960
5812981
5856890
5807625
5587887
60658
3611103
3658908
1868017
3280326
3961245
3641305
5809875
4748323
3258215
59899
65527
3499458
3544690
5860698
31579
5788993
5739620
5976307
4173566
5799985
3661822
5737852
3931289
5511975
1386666
2699734
3606616
4511442
535936
4497726
5988794
1693563
4360612
5777424
3629990
4541705
3917487
4469426
4458006
5319516
5629746
5388709
1513406
5850777
1501010
1440784
5827475
5777682
5986584
5707413
5980435
3646875
5483485
3590687
5599826
1874716
5614421
3717762
3661336
5706695
5985865
5698974
4301658
4162033
4391192
3747867
3698086
29047
5844532
5369684
1865087
3525560
3707735
3668104
5865491
1550825
4526972
3702133
3806786
4707401
5651290
5526285
2365983
1784583
1805771
1522015
5773985
5801514
5519050
5812983
4650143
5789501
5951872
3510731
5818021
5561588
5735450
3733617
1562427
3685700
5966929
3093782
5045682
5809706
4601415
3474778
4650105
4431716
5117008
3757803
4748139
3751503
4210722
3646783
1065073
5986449
3714436
1702540
3398966
5516151
5440036
5782437
5843211
5883519
4354798
3769981
5057414
3682309
1216327