5741844
3794450
4759860
5460737
5054596
4786378
2430617
5103135
3410988
4464926
3693661
5074260
3224529
5320759
4019890
4884260
5740257
4273016
4296406
5509595
3466198
4198846
1971065
3952602
4331939
165418
4804082
5721317
5728078
5593668
4842387
3466131
4080584
5489138
1913602
2212351
3422059
5029935
3546025
2806387
5976967
4323894
4449043
5018700
5781260
4794897
4387644
2613135
4260384
5726464
5682159
3152513
3835146
4477338
2762969
4141579
4780150
3108665
4893237
4450164
3446002
3026127
4347450
5618071
5446455
4488484
5158040
4899895
2714198
4221863
5628593
4968829
4468068
3933059
4478821
3403961
5928476
4292865
5140822
5331968
5343624
4411465
2429977
5297995
2887151
1475568
2447617
4138383
5851532
5153686
5941723
4748685
5588713
5014878
5145296
2752772
1187893
4757976
4231047
3561645
4322313
1913177
4280954
4281164
4993942
2892494
3600348
5791393
4502126
3747462
5851630
3056193
3198285
5100099
4842481
3420321
5623480
5054611
3056480
3339723
3692346
4619975
1796543
3263438
4495314
3669111
4855961
5308129
5564145
5021748
4253794
5697645
3112403
4152682
4191553
5332972
2703617
4677000
4301837
4092926
3177395
3716527
5385703
3661239
3921228
5550381
3263888
4030092
4297469
3994324
2741450
5718865
5409664
3798949
2375877
4222592
2788265
4844154
2364680
4941182
3628658
2656477
2364533
4204994
3118076
2363351
3199060
2748072
3842830
4396724
2911596
3814588
5372931
5486467
4140547
3577738
4045368
2720945
5720557
5599918
5307758
3781502
4776564
3980039
3597472
1784771
5122238
4574984
5687903
5215525
4094699
4726501
4884360
5049622
5986454
4693888
5022334
4610927
2575601
3896966
5529983
5589093
5129820
3095445
4599543
4227976
1831737
4461930
5619630
5747102
5842771
3682900
4082484
4723180
4227298
2922723
5336430
3179931
4787139
4409094
3532974
5301372
3571647
2974661
4763632
5089605
3387601
4713214
4274342
5434591
4616122
2941605
4311411
4772687
3267052
4821313
5009836
3039191
4280721
3864139
4173342
4731690
5002324
3094237
4685630
4069273
4148632
125315
3106384
5457851
4306068
5577662
4379665
5404215
4764962
5534500
5820389
4183415
4477402
2464595
5452353
5193306
4067355
4183888
5038569
3895597
4737200
3664086
3924124
3963555
3445058
3650212
4864053
3150240
5722109
3329632
3793419
1201146
3704267
3626705
4402460
4362117
3259296
4164149
5434251
5414544
1198254
5126155
2920262
4365564
5307611
3221331
4509558
5149084
3373832
2806484
3941910
3001156
5031764
4524824
3661884
4280425
4803984
4255428
5530360
5461594
5923799
4341495
4584261
5288524
5200917
4134501
5472412
5423967
4483405
5610684
5610854
4399299
3810136
3434899
3742017
2630316
3154934
3476139
2899760
5320660
2967098
4568196
4519214
3101755
3614647
5553001
4653470
3920467
5958473
3537701
5019463
4950066
4335741
3678237
2361806
3694465
3697211
4440033
3464379
2891743
3108651
4359119
4526336
3781545
4632405
3137994
2430614
5045666
4414618
4673066
4493951
4678179
4871571
5801479
4590407
4412792
5256321
4831612
4357072
2856148
3785902
3206382
5374834
3467590
4232010
4088715
3529678
3452313
3804449
4540107
4199180
2721929
4950806
1852268
4153077
3580611
5735476
4715405
5003313
5340016
5309308
5509647
4472939
3309311
2694465
4251531
3232004
4056626
4609664
2427034
4396730
3845560
3904487
3407981
5330006
4132637
3178704
3944580
3382640
1562433
3640164
5653840
4731528
4048120
3612585
3090298
3219771
3984270
5579675
4313493
5372065
4776542
2797436
4967427
5741263
3757993
4395717
5376493
3782468
5867479
3829814
3293068
4298817
5399146
5900060
5898527
4704894
5372977
5337766
2662857
4338635
5395991
4586379
2360030
4808543
5018157
4234827
5384532
1261533
5919699
4115605
4760045
520750
5808396
2001223
4137650
5425769
4859395
5610548
3591547
5514258
3019750
5219826
3898240
3816909
2722000
3503942
5808689
5422432
5986478
3712961
5106769
5723168
5724392
2639700
3616124
5223669
5362210
4188585
2806530
3517846
2409647
4319305
1488892
4996255
3446145
5504600
3937058
3994428
5738810
4425923
5094682
3813772
2361520
3546023
5777197
4398439
5609057
5228669
3456942
3894078
5119624
4519544
3967502
2928344
2600646
5555437
3117815
5874317
5586978
4012222
3971783
2774638
5360580
4565804
5957406
5729252
4334043
2974815
4880652
4106715
3958613
3917204
2748711
5911298
3564767
4879328
5633216
4269914
3611646
5294349
3604854
2864284
3671234
5446666
4588874
5491994
5642191
4472776
5354011
3662597
5566825
4083640
4483334
3557743
4369830
5767990
5659064
3321403
5506592
5856914
4124480
3990364
4188762
5614293
2871176
3688436
5832511
1852293
3195393
3403627
4156403
5350209
5295657
5768344
3800940
1839864
3712888
4874073
5225191
3977448
5429471
4785315
5012042
5397544
4733710
2690844
4320136
3724560
2713840
4560512
2223531
5079604
3430047
3881871
5501521
5884950
2689169
3215167
4776123
5228611
3780629
3475525
3953472
5868223
4149239
5420386
3668955
5593355
5511285
5337626
5101425
1468428
3348688
3738485
4577567
4141382
5220753
4266420
4823408
4045752
5622764
2570683
5167461
2517154
2686715
3220859
4139977
4079189
5062194
3511947
5787910
4831776
4129110
3160381
400417
5673730
4274545
5831281
4895766
3346674
5704449
3771300
5498096
4659198
4760038
4819709
4538249
5117579
3525032
4419460
4121500
4078065
5462678
2755038
2691927
3089991
4092608
5331731
5854362
4404560
3321528
5847600
5966469
4131263
5471755
3214395
5590362
3798206
111193
3752932
5958330
4030712
5771895
4628236
3671204
5040779
5440738
4489004
3961596
3573831
4450858
2671648
3735552
4064763
5556716
3329100
4749757
3636800
2837815
5389230
5865731
5124485
2800022
5268424
5746685
4471244
5124283
3511949
5148913
4900317
2194675
3599990
3210361
4839526
3956949
4138551
3597059
4535555
3506580
5459456
3914427
3289190
5870915
4793655
4392900
3984795
4021263
5103331
5017045
5137281
4794540
4517027
1876597
5015408
3457720
3890270
4075638
5080766
4175246
5976501
3432828
4112748
5936036
4545550
4924222
4199615
4667210
5742644
5753687
3065646
4302388
5980459
5291156
3417877
4317856
3713866
2376383
4877983
3936610
4701182
5509597
3187863
2949642
1781578
5458653
4889691
3215945
4128609
5448649
3132864
4185107
4374260
3719224
5225252
5106877
4697245
1968469
4940009
3608893
3269796
5379843
3831918
4093188
4709811
3489577
4832354
3085176
5462761
4892327
5209819
3743641
3214443
3452084
5379203
2708184
4768887
3585965
4078386
3210325
2829413
4972969
4744284
4516063
5339463
2689497
4610679
3917123
5396972
3596913
5174811
4025600
2527839
5790265
3652505
5127177
4960789
2742700
3278262
4730432
5593173
4320624
4467206
5932317
3349250
4128673
2885597
4636858
3774725
2956327
4053826
4823346
4973627
5986443
5626376
5601935
5560591
5332296
3459547
3480782
3043099
5846302
5101645
5920342
4594140
2291328
3376507
2688140
2801838
5482825
3787573
3929824
4821226
5864139
1964758
5285426
4221638
3258678
5556332
4009088
4714728
4598931
3442969
5370326
5742427
3262135
4747995
3961219
3878739
5684963
4627811
3919744
4486943
5452066
4802087
5444773
5156970
2627861
2211287
5292678
5551012
5732563
5103733
5656562
1774569
3570228
2888205
4639339
2944304
4348728
3478519
5380326
522822
2815285
3000449
3276929
4554233
3877023
4941128
4155124
2847809
3376478
4342682
4667406
5615441
4563303
5604419
4616107
5387905
1175929
3893543
2772252
3627033
2887326
2644667
5539943
3982948
3549413
5519461
4283612
5295074
5498715
3296686
3539990
2650992
5391070
5091022
3491047
5630555
3846239
5615289
5951568
4630743
5215617
5244020
4907437
5870330
2944158
2363617
4860224
4569275
3685524
5437665
3580134
4423288
2920889
3655855
4086013
5457252
3278655
5856907
3406743
1831486
5129854
4283272
4202748
4958948
4395675
3633335
4222660
4327560
4544133
4581519
5142140
3573512
5024054
5652478
4618009
4357074
59605
5067642
1524801
1618957
4616075
4768043
5099199
5006547
5416724
4658724
5622751
4723179
5325897
2887499
5093951
5636096
3329225
3821103
3225351
3187741
5636407
4183584
5560514
4181789
3040733
4678498
5494175
2889850
3635629
1796862
2759629
5834904
3590739
5630951
4721478
4539699
3519552
4969808
5753454
3806400
5736045
4532714
5858425
5712123
1525163
4836108
3275977
3337377
4595941
4949758
5888042
270049
3302141
4573756
2723677
4724689
1832184
5946268
5762965
3557161
5549592
5320756
4273020
5545694
3292977
3645952
5121938
5098767
4282128
5643995
3612795
2449154
5009837
4805129
3961877
3208342
4716241
3515338
4122853
3571142
4260238
5674751
4431174
4620004
3939819
3281242
1489930
2365675
5214464
3885656
2724428
3599938
2650591
3176241
3503684
3208043
5532580
3942596
5356268
2238709
2063048
2412870
2777874
2376292
2990616
4332717
5295802
3169462
2797008
4855165
3348486
2474836
2889289
5452182
2799377
4499971
4489820
3161280
2989945
5662620
5655938
5154052
3931696
2901323
3637581
3267522
4060171
4934966
5548970
3214806
2946996
3598551
5887937
4453270
3637600
3611073
1859980
2409177
4566202
4735350
3909351
3230393
4631431
2928202
5642754
3511948
4611208
5133040
5887629
4985859
4995808
4917797
5824100
3680969
4433493
4980414
4562579
1764008
5893890
4411773
4636621
3502183
4608694
3649350
5960495
4475237
5450266
4658539
4298117
4920939
2762858
2583045
5586986
4454208
4535608
5003992
2887362
2687520
3569912
5577893
5707653
3161866
5351968
5534217
4275681
4579320
5122106
5661713
3107699
4754918
4730587
3337818
3750766
3170259
5778657
4722704
4378265
3776379
3411720
1550608
5724074
2990086
4210410
3584097
2486263
5126124
4660817
3544619
2958944
3213029
3908968
4552663
3321270
4604692
4532481
3661337
5321244
5960937
4634579
5331699
3036625
4282314
2746807
3495723
5440538
4018592
4313058
3831101
2822827
4293505
5753470
5351011
3307993
2974683
4215531
3225298
5154172
4475334
4676931
3877653
5558398
4101294
5499864
4314848
5888551
5129041
4731919
4734818
3813126
2762767
3228678
5888534
4308927
4917725
3551224
4511304
4807034
3141109
5354681
5200867
4687242
3882495
5569491
4308455
5750409
4632037
4710971
5571503
3253336
2841147
2888787
4510883
3301616
3224655
4882797
2995234
4546041
3598827
5329050
5100075
5869768
4478814
2678276
4398332
2758835
5498982
4105401
3064410
420060
5446410
5925011
2988744
4016793
3781057
3730064
4863535
4220866
3941354
2442760
5142154
3932201
4149622
3169777
5141553
1332199
3850954
3698473
4260196
4120407
5770577
5688834
4844631
5969312
5597285
4784272
5688343
3929816
4658730
5380277
2671107
4059969
5466093
5104394
3659075
4506026
3480113
2430556
4206016
4061622
4203923
2845119
5391230
3152706
3937118
5775553
3398251
4161861
3985324
3355323
5327508
1468427
3637243
4101848
3061926
5395810
4189548
5282794
5897859
4738984
4477769
4386768
5629685
2826290
2963843
4207773
4412992
3278202
4960711
3332882
5827017
1187870
4806513
4522060
4179913
4091870
4005450
2850334
3144604
4857422
4845107
2875419
4837389
4549836
5747224
4660189
4724107
5056957
5946494
4222010
3432554
4646101
5887436
4625799
5644801
3402260
5289138
3723928
5634898
5427583
3750491
4666048
3639934
3202257
4411165
4261896
4360779
5524701
4599403
5573300
2693506
3517324
4168417
5019971
5433661
1977824
5399862
4751474
4529719
4784206
5301412
5874977
4691739
2845012
4347547
4988269
3726585
5353287
5955309
4016495
4895420
4797248
3257650
4583759
5756602
3496516
4716214
3210089
2990108
2876071
5719521
5479209
2845036
3533739
2010923
2967052
5433398
4296536
3585734
4994668
4356062
2829019
5465806
3381083
5419060
5845203
5075585
5904467
3827502
4482193
4883760
3041203
5752784
3425422
5425974
5641139
4323215
2994546
5520118
5631126
3700815
5703756
3830844
4413544
5710074
4606493
1592109
4833472
4643561
5013413
5471569
5532895
4763824
4883261
4501099
4804276
4049486
3348575
5728028
5324827
5004254
4859323
5622521
3267673
3136407
5349672
33506
4743115
4300351
4307223
5013640
4876157
2364538
3292461
4222697
5154028
5415292
4319300
4659205
5506562
3103853
3490923
2780588
4938973
3675686
4705007
2121126
4427989
5880226
4551667
5950935
2666722
5575841
2855561
4245341
5637263
4565069
1950708
5265791
4007144
3515466
3103449
5070060
4866430
137370
3216874
2275230
4166083
4226213
2875513
3852769
5907937
3665088
3271295
5774158
5134065
5738131
5568359
4235563
4927256
4544795
4714025
3888904
4749804
1896161
4119301
4517417
5273794
5367746
5655852
4295289
4030121
4355443
3680242
128823
4090726
3821116
4916104
5064276
5754420
4061474
4942591
3961020
5399137
4021698
4314754
3961745
3599819
5103483
3125124
3263869
4988000
4521243
4114185
4339160
1868022
1626453
4894062
5558045
3589769
5412886
3418149
4815135
5706315
5142270
5273797
4540839
3407644
3718450
3878347
3556767
3114517
5064894
3512609
5343026
5703870
3620378
4209617
5129050
3903148
5760819
4194752
3975851
2674549
4914730
5623476
3301764
3508963
4902978
5579457
3146835
2010639
5683978
4978750
4074832
4445792
5094020
3024306
4326476
5154016
5541522
3050701
1550238
3044150
5065057
3326921
4329409
524504
5768281
3373658
5083760
3542280
5775735
4567817
3279644
3308108
3898489
5228186
4869362
2853089
4620970
5450983
4237333
3009965
1253469
2800200
5033379
2447849
2792870
5315360
4424595
4857282
5630211
5153808
4724125
5073605
3233526
5668635
4069731
5559992
5985784
1828728
5852865
4744782
4509693
5154020
2936735
5815696
2100051
4298088
5984478
4223972
5521936
4392433
2876942
3200258
5374839
5816547
4737890
5612820
3421236
4531472
3629570
3268925
5771152
2910303
3790036
5273788
5128774
5380284
5844554
5489710
3517421
5719472
4355974
3482439
4804575
5820800
4885436
5461297
3599509
4913581
4701161
5062762
4542117
3141369
2602945
5133227
3751685
3438419
3952721
5654058
3377889
5759865
4431343
3459660
5015758
5306984
5584514
5226101
3301211
3788226
3425748
5784955
4289274
4426132
5598124
3484631
3407716
3283075
5410208
4346119
3721088
3498658
4608626
4307639
2699080
4862081
5051790
3745761
4866031
3751435
5888666
5983062
3853041
4266769
4066282
4374219
4517637
2873586
5817910
2074536
5344374
3614914
3987287
3215323
2253535
5506563
4084282
3059277
4590691
5168495
64821
3806618
3254079
4239745
3539875
3298351
4270651
5421580
4206025
4838682
4845354
4053405
4142063
3786468
5819183
5530566
3111354
3170595
5845419
4488801
4457092
4233087
5815597
5139951
3875215
4574282
5369693
5121998
5331547
3598370
4752693
317371
2841163
5312514
4882968
4331314
3913208
5445186
5964896
4684288
4386269
5623266
5034584
3658949
4840766
2818655
5565379
5434674
4012183
2784342
5963741
3785381
4074986
2702335
4778292
493273
3405220
4867039
5454908
3132691
5623327
3515435
3765136
4236626
5658281
3816860
3973973
5427603
4015723
305350
4464611
5248458
4429825
5490108
3996328
5906512
4385682
4594902
5341634
5643992
2147023
5346199
1971512
3176493
2818614
5766339
4085197
3391000
3783678
5319097
3912320
4270681
3931996
3902462
2696432
4737269
3506492
4119719
4598910
3487501
4704955
3932017
5927490
4178478
2062994
3493000
3412800
4682219
5368140
2655271
5594766
3892103
4683729
3668143
5434517
4000225
3342924
3123563
4874152
2898847
3892495
5116460
5381773
3146910
3655825
4175258
3854786
3717042
2948428
4235200
3487752
4969924
4004088
5126873
4818903
4144850
2395340
3313169
3281341
4420945
5373675
4179580
2649134
3563116
4039014
3655094
3368260
5856206
5011602
5173951
3041931
4891505
5424340
4828818
5640820
3424202
3954418
3980828
4317950
5030542
4230312
3304380
3462792
4377530
3204260
4148528
4997690
5937795
2074731
5750786
4668644
3359818
3488586
3327628
5493377
4175219
5506697
5041956
2875633
5168897
4672844
4065280
4575302
3918522
3135864
4967996
5928132
3804972
4335628
5372327
5816517
4944471
4233107
4173360
3143315
4237982
5888649
4766670
5154147
5548257
4175232
4126186
5136709
4588912
3479017
3140921
4314171
3751469
4296330
5593818
4206772
5772830
4826692
4141807
4207147
4969326
4279850
4890862
4251615
5358282
4354356
5908397
4359791
4898395
3848453
4494428
5358738
2500197
5761719
5889380
3765303
4483416
3680082
3393336
4867750
5687612
3995601
2440527
3503770
3227609
5762262
3653258
3441280
2765950
4708312
4858101
2784472
2984512
4802646
4279802
4877819
3881751
3880665
5453890
4893238
4295286
5008205
4932043
5771357
4860866
4440514
4625433
3217886
2759981
3748824
4691781
3996149
5405916
3517358
5976903
5694526
3635879
5776520
2822946
5361830
2291568
3233513
5125808
5534041
3132856
3339727
4265247
3134103
2752780
3056734
4112798
4056784
5518918
4198969
3349215
4284010
4269544
3335250
5893461
3017961
5125721
4968323
4971642
554986
5413468
5432698
3679880
4881125
3878407
4686557
4673714
4570668
3822756
1142309
3403729
5689110
3916852
2697158
4704900
3835502
5477438
4834398
1819392
4914255
3066231
3775167
3556012
4368876
60007
5070149
2715417
3438438
3603112
2877680
2247283
2796659
4124476
5153384
3443055
5234109
4955417
2733899
5360174
5471294
3222173
2778511
3691930
4039994
3269579
4274965
3940644
3543348
3046899
1868720
3622584
4059031
5513842
5324269
4258079
1475428
5915071
4928147
5002199
3816862
5474370
3642659
4052786
3314843
3705347
5573922
5125190
5656139
5133075
4297089
4173506
5931679
5306110
3786477
4869417
5064069
5582692
2954378
4816246
4928948
4808857
4804512
4871204
4805636
3139306
4756047
3650238
4397550
5793008
5446739
5049645
5103151
2684372
4344586
3635645
4967847
5491162
4859374
3474173
5352859
3414768
5859768
5367005
4957966
5798057
5410093
4499954
4613171
1414018
4561108
3833537
3617313
4397942
5986505
2762857
3575357
3503752
4951371
3821246
4234788
5530334
5290671
5739798
2430204
2778406
4183968
3740249
4316737
4459874
5773988
4533955
5721363
4311106
2546382
3589397
5374599
3542441
3580622
3628802
5045904
3835655
4058264
3666896
5301992
5296807
2768196
4971708
3943081
2681019
4026398
3017527
5478765
5294435
2760209
5294576
3357968
4075980
5082912
5634755
3878328
4813409
2987759
4721471
4096750
4819527
4210983
5506593
4319266
5045523
3577773
4654391
4339981
3248601
4440276
3100255
2770415
5370803
4630885
4374075
5341660
4599047
4855803
4555162
4596416
4424865
3148260
4433997
3842969
2680972
5789594
5789697
5812048
5674649
5077078
5119439
5079608
3120180
5393542
4304200
4774750
4538741
5565373
5362536
4418140
5404516
4143558
4636656
4845347
4696773
5648411
3191394
3513028
3266205
5641458
5695311
4081799
4719728
1156925
4076897
5738975
5101386
2865639
2867787
5971365
3747414
4085217
2808793
2601017
3772033
5856919
3840008
5405502
3685599
3944283
5320771
3586143
4577526
5634356
3301259
5662512
4861095
3192699
4340252
4570722
4960805
2952311
5435062
4558893
5632146
5655345
4893099
3901002
5524909
5629940
3946153
3511173
3215881
5260131
4947329
3572221
5623423
5426232
5094122
2876855
5568719
5873371
5807031
5525241
3626857
3979125
4228518
5153533
5611398
4704299
5431359
4442156
2945083
5476852
5395795
2129145
3395828
3767244
3263860
5139733
3672473
4785671
4754570
4061186
4713182
5482818
2887201
5654050
5648980
3009979
5630742
4432080
4617777
3848942
4785282
5829106
5722122
5076543
4461907
3984416
4064756
2503659
4694650
5852701
5395856
4548303
4065461
5887800
4431324
4595235
3571135
5450344
3723478
2724496
5667629
5890227
2579291
3980349
3800961
4265178
4608292
4696975
5886394
2652457
4435702
2828999
4319093
4969982
4145491
3373522
4530210
4330076
4341337
4540789
4895399
5668004
4784207
5784025
2939509
1185549
5080493
4546110
3409597
5633234
4222267
1567062
4995353
5372147
4467620
4727651
5730627
3902589
4093459
3640161
3364603
2249589
4059551
5636088
3657667
3474735
4461648
4445854
2660282
3854508
4319071
5861900
4676364
4545275
3217852
1924504
3806550
4305224
5462369
3696265
5819216
4829247
4546169
5588958
4610775
3856598
2423824
4402481
3926674
4432875
2938446
4789479
5795560
2581757
4593168
2277487
3180783
5399390
3698010
5442667
3917884
2335090
4555141
5338176
2727954
4288428
4280732
3150311
4868208
4533227
3766680
3053227
5217809
3883318
4910973
5447816
4483448
3221066
5496228
3204557
2703703
4761605
5508614
2500257
4763545
3800406
5609346
5716426
4499712
2687939
2930643
5883587
3733184
4153084
2584124
4171519
2396624
3515341
3492023
4436815
5803937
3094245
2409966
3601258
5654157
4674925
4907713
4984916
3849694
4674443
3658388
5031285
4020466
4194359
4009639
5976348
3104134
4809001
5711682
3046916
3271555
4608345
2992187
5852772
3048555
3276927
5129592
3399388
5264222
2569033
5508798
3010035
4691672
5052963
1905915
4610088
5424452
4155290
5088157
4660284
3897023
4126761
3917191
3990039
2972641
2749039
2912256
2938368
4213554
3284878
4709816
3567118
3653044
4098536
4318496
5502308
3805012
3135526
4487203
4414381
4785405
3897937
5073301
5300803
5954168
5324280
4170550
2782153
3868679
5093681
4839625
5009698
4114003
5773205
5811944
4738038
5372064
4872448
3277610
5018291
3678501
4717418
5153827
2011510
3512726
4962361
5536130
4006506
166129
4940590
5665263
4289223
5034497
2535617
5944439
3544181
3966825
5715878
4975837
3898766
2931380
4121491
3648394
4026558
3599792
2228375
4269816
3837325
5714973
3748549
3272014
3026197
5315239
5592353
3868309
3491019
4928400
4004388
5587697
3136370
5984408
5441668
3953439
5702083
5672307
5835461
5668634
4808872
4305536
2047288
4947243
3781546
3141615
4171887
4334515
5809709
3184816
4458032
3404906
4501118
2576049
3063459
3804653
5789491
4288727
4632359
3702085
3083362
5520264
2228140
1241430
4252671
5215647
3712263
5627563
5489319
5405525
3696875
4355923
5299497
4758385
4465009
5346512
4636071
5702778
5706318
4395706
4663570
3716952
4280366
3893439
5682702
5463418
3841356
3376514
3816240
4018698
5253594
4610922
5630558
3608590
4881703
5686687
4810948
4166382
4793173
4241936
4830153
5147282
5389002
3107164
5712637
4822094
5787508
4782022
3552315
3628588
3559346
5731010
5892275
4681902
5654031
5135478
5635946
5838916
5203851
5863413
5702225
3972107
5116111
2908852
4416300
4837818
4604314
4608484
5812876
4006208
5002172
5808274
5571493
2729726
5514953
4590893
2811956
5595267
3752632
3642008
3349167
4197322
4173437
3533930
4969861
3228981
2363506
4776972
3504298
3856388
4796446
5120251
5100272
5075282
3087029
5414231
5729670
5839221
5155233
3533096
5442201
4590312
3488813
5655920
4796524
4923578
5742508
4937273
3750435
5887531
3602032
4639684
3889827
4812817
1977351
4996097
5434920
4015540
3133979
3926259
3781572
4382580
5763643
5861301
3396337
3986438
3821124
5971505
4840971
5053082
5390629
5530563
4173331
5919378
3898429
3706209
5686825
3804675
3357231
4640056
3965881
2039813
4979274
5485614
3852746
4557840
3611071
3564933
2754434
3269087
5614960
3480944
4061098
3590543
3880989
3590825
4224669
4206289
5616686
3778304
4098280
2518926
4776406
4759781
4419826
2935390
2781775
5486465
4713759
5791199
4689520
4689777
5131536
4537543
4680166
3800874
4163237
4748830
4046846
4222827
2265739
4634141
3023738
5536558
3171715
4994121
4770677
4604289
3338089
4668172
5530572
3644688
3713669
3714520
5562134
5774613
5643294
5814403
4946267
5640082
4160145
3836109
3838646
4888027
5354029
3018908
3184080
4054662
4233044
4324478
4324609
3726903
3499334
4823448
5585595
4480825
4194605
4838300
4127855
5120636
5629784
4976658
4323432
4239746
3747459
3785973
4830596
4064768
3563228
5836873
4161875
4307364
5207788
3532083
3759413
65045
1904445
3987889
3540956
3640933
3651308
1794491
2002515
3718763
4644318
3672758
101395
5840243
29053
3590691
2367663
5496216
3744251
5735484
3661555
1797029
3695250
1764200
1913915
4588430
3682809
4595873
3616693
3598394
3573541
1420296
1794452
5830087
4756994
1090588
4161888
4301466
5739614
37407
3611074
1174877
4717436
5985893
3685777
1977297
5980378
5986495
1977696
4917592
3714385
3872586
4359698
3654568
5801240
3733748
5038098
5446277
3738453
59647
3685774
1976842
3698474
5862000
5001793
5884508
5835557
3978457
1224861
4745960
1949842
1524987
5758845
3782125
3622020
4913995
4579488
3580725
5217661
1904193
5852975
1087853
3652643
3698202
3544352
3131514
5762805
3702143
4590915
3672764
5758851
5027814
3590692
64502
3510891
5808926
5827033
5980265
4809147
3483284
5805693
3656395
1936359
30713
4360719
1969447
4569055
1084341
3781573
4312979
5812877
1590049
3781990
4722945
1852321
1175919
5747107
2855831
5809707
3714488
5041384
3269419
4809387
5866486
5813072
1550875
3665020
5976807
2784391
3269572
4173571
1065070
1550594
5745479
5843959
2528216
3653866
4706730
3775760
5986437
4282697
4681154
4768925
1914073
3636841
3669033
5777928
4236282
546184
5707237
5976899
5728271
3702089
5812864
5842245
5838771
1488896
3661377
5814604
1065104
4788673
3474842
3661741
5572237
3606612
1977002
1578590
3580327
2649924
2826100
5976852
3376123
4694692
3258705
59901
1586021
3634264
58836
5644405
4796457
3532036
4173564
5333470
1513247
4713062
4301654
3531529
3647148
5706840
5791397
4882812
3540345
3643086
3751553
5096778
4177075
1550249
3580298
1887535
3046499
1175098
1821028
5435086
3658914
3476989
3700147
4784348
5807505
5132127
3686216
5755650
3558645
3626227
1820788
1865086
4666408
4736250
1403758
3728073
3560577
5721487
5747130
5826979
5762815
1550632
4355142
5604064
1579211
1574360
4748327
57751
1824772
1810369
5545112
3751456
1241419
3658334
5777641
3626633
3606371
3680603
3935224
2836833
1847683
4590707
5057363
3747889
5769198
3646683
1936363
4028193
4752820
5873829
5741924
5891985
5791441
3576014
3656551
4232915
1783850
1074719
4504059
5934946
4752899
3695249
3524789
1500954
3953523
1888710
1863515
60660
1950208
5827507
5840188
4364332
5561674
3488177
3516972
1570354
5006415
5861369
3681386
3772299
4756971
4354432
57749
5862433
3669518
547916
65683
3735277
5986466
1277845
111183
3598549
5752804
1208905
1779263
29018
4689556
2921405
5729494
3575558
5827295
4756949
56204
5983010
539050
3464298
5723032
5066795
4588995
3701833
5805208
1913939
4265717
3563445
5782456
3707772
3621795
3375426
5791588
4588672
3474775
5842470
5383744
5822856
2866241
4390525
4170701
3640960
5873437
88884
1849920
4751201
3932837
4307366
4967511
2836470
5852777
3505775
3525331
5055753
5498709
5883528
4696193
3611743
5866829
3611107
3685779
4331444
4707005
3666914
3714386
4627615
5769202
4861263
3580671
3580751
4407951
5799990
5853038
5834159
3499555
2797956
1240403
4372550
3488187
5805261
4391304
2556743
4005035
4920563
3580299
1766476
5834094
3664372
5557991
3691658
4733222
5302797
1526611
1291385
3881817
4359699
2826289
5771543
111061
3793517
5753932
3599931
102323
5827422
5668343
3612059
3770494
3701780
5569270
3493722
3598524
5438446
5862001
3556314
4393831
3606470
5729492
1971800
5777419
5791430
3659004
4550271
3628587
5725027
5884496
4990415
3544627
5789504
5817800
2855860
4987981
5755346
3713949
4769147
5816600
1131903
4649576
59610
4272222
5989624
4588424
4757000
3738153
5863299
5654748
5722980
1326200
1253473
3483184
5850145
5807510
4710815
3636944
3948438
1584256
5809626
1968186
5791469
5850179
3659156
1913555
1705535
4511433
5866333
5985578
4138365
5827478
5457616
5858078
5856421
3733607
3540908
3714433
3671244
5710015
3681405
3664374
5732507
5781264
1804280
4173586
3544534
3743070
5732440
4315810
1177952
3578670
1079844
5827302
57750
1174954
4525725
3531427
5984011
3590541
5850960
5891027
1513142
1193545
529310
4113172
3636954
5773922
4689586
1891439
5819580
3767897
3724383
3698199
3685778
1626393
3354371
3711370
1190172
3493727
1173136
34114
5986513
1488900
4710520
4720464
3672778
529470
3261693
3478157
4236431
3558647
5244530
4734805
3691625
1134663
59604
5752787
4021157
28991
1553435
3707921
5850768
1847837
4188038
3611645
3770450
4644316
3664327
3714284
4169371
4527103
4710681
5561409
3494172
3616744
1190216
1936284
4753023
5642889
1940326
29012
3580400
4980729
3872578
3558644
4763470
3558408
1863514
1974799
5845829
3562202
4757005
4354617
3713945
4210953
5498708
4166055
1925104
3647147
5440059
5985618
4218764
3511174
5830079
1891438
4233234
3680633
5976950
65676
3672718
4358417
4675066
1578575
5851005
4687062
1550259
1794469
1540413
1915628
3524756
5805426
3525027
4173592
1618389
1913938
5844373
65514
3663731
4364400
4951149
4702321
4727391
2825665
3483098
4601439
3688183
5737953
5827042
3634960
5812981
5856890
5807625
5587887
60658
3611103
3658908
1868017
3280326
3961245
3641305
5809875
4748323
3258215
59899
65527
3499458
3544690
5860698
31579
5788993
5739620
5976307
4173566
5799985
3661822
5737852
3931289
5511975
1386666
2699734
3606616
4511442
535936
4497726
5988794
1693563
4360612
5777424
3629990
4541705
3917487
4469426
4458006
5319516
5629746
5388709
1513406
5850777
1501010
1440784
5827475
5777682
5986584
5707413
5980435
3646875
5483485
3590687
5599826
1874716
5614421
3717762
3661336
5706695
5985865
5698974
4301658
4162033
4391192
3747867
3698086
29047
5844532
5369684
1865087
3525560
3707735
3668104
5865491
1550825
4526972
3702133
3806786
4707401
5651290
5526285
2365983
1784583
1805771
1522015
5773985
5801514
5519050
5812983
4650143
5789501
5951872
3510731
5818021
5561588
5735450
3733617
1562427
3685700
5966929
3093782
5045682
5809706
4601415
3474778
4650105
4431716
5117008
3757803
4748139
3751503
4210722
3646783
1065073
5986449
3714436
1702540
3398966
5516151
5440036
5782437
5843211
5883519
4354798
3769981
5057414
3682309
1216327